Dataset	Frequency
MSV000079134	3
MSV000079697	1
MSV000079717	1
MSV000080905	1
MSV000080976	18
MSV000081067	4
MSV000081152	4
MSV000081344	9
MSV000081347	3
MSV000081463	5
MSV000081477	2
MSV000081673	17
MSV000081675	1
MSV000081676	1
MSV000081681	2
MSV000081936	9
MSV000082049	4
MSV000082069	12
MSV000082072	2
MSV000082074	52
MSV000082178	1
MSV000082261	2
MSV000082268	100
MSV000082423	49
MSV000082433	1
MSV000082612	2
MSV000082616	1
MSV000082618	25
MSV000082820	4
MSV000082969	13
MSV000083010	52
MSV000083014	49
MSV000083024	1
MSV000083302	80
MSV000083320	1
MSV000083395	1
MSV000083396	2
MSV000083475	4
MSV000083647	1
MSV000083664	21
MSV000083666	3
MSV000083689	4
MSV000083760	28
MSV000083835	6
MSV000084099	10
MSV000084101	10
MSV000084112	2
MSV000084218	1
MSV000084314	11
MSV000084591	1
MSV000084595	2
MSV000084734	18
MSV000084738	1
MSV000084890	3
MSV000084900	126
MSV000084908	1
MSV000085071	1
MSV000085226	5
MSV000085467	2
MSV000085858	1
MSV000086131	22
MSV000086415	1
MSV000086522	8
MSV000086676	2
MSV000086879	1
MSV000087021	2
MSV000087130	2
MSV000087364	7
MSV000087646	1
MSV000087885	1
MSV000087904	1
MSV000087905	23
MSV000088335	2
MSV000089210	1
MSV000089249	13
MSV000089459	2
MSV000089518	3
MSV000089834	2
